"","baseMean","log2FoldChange","lfcSE","stat","pvalue","padj","CellMarker"
"Col1a1",35939.3836284662,4.96238430739766,0.722744263701909,6.86603070632514,6.60128706052644e-12,6.18716631892941e-09,1
"Fap",147.50578123431,3.79194291509261,0.656470551561275,5.77625745141848,7.63804749491280e-09,8.6736245752896e-07,1
"Mme",214.622521279732,2.41816065494048,0.576331116269126,4.19578361583949,2.71929769802992e-05,0.000551668201105377,1
"Itgam",289.807818504596,-2.25114772166108,0.556412652050985,-4.04582410799459,5.21393721988421e-05,0.000953221630355685,1
"Tp63",145.596811277284,2.04766752053985,0.476812321857299,4.29449371728416,1.75092439448462e-05,0.000390734064477131,1
"Cdh5",114.363936503898,1.89969668009045,0.667475163233524,2.84609343497897,0.00442592063247398,0.0302940692171138,1
"Cd38",370.418350277763,1.89707618663745,0.471955488488813,4.0196082743138,5.82949865618787e-05,0.00103700481262849,1
"Krt14",949.200864398276,1.83443636456404,0.477442463705079,3.84221451591953,0.0001219291968204,0.001883739096811,1
"Vim",13706.1725205037,1.83265749732068,0.336102182659418,5.45267954768912,4.96164335774776e-08,3.45325465181068e-06,1
"Cdh3",100.102954683448,1.70577568093876,0.429390260321592,3.97255326578953,7.1106328990559e-05,0.00121320859135712,1
"Acta2",489.516373345286,1.67842453564866,0.401336696326692,4.18208589199729,2.88846800826704e-05,0.000580958107699947,1
"Cnn1",618.403494570128,1.57287210215482,0.469853697608433,3.34757842741427,0.000815209175438724,0.00813993309481038,1
"Has1",1055.81931968187,5.22599328676035,0.916918684976443,5.69951662277949,1.20147609604855e-08,1.22402553872077e-06,0
"Kcnj8",150.247876529544,5.10686585355318,0.919889682817535,5.55160683823666,2.83055637058411e-08,2.38292167748755e-06,0
"Tnfaip6",1367.61914303924,4.8842079043001,0.750175693840018,6.51075200703811,7.47755059741426e-11,3.00362525282992e-08,0
"Col3a1",49552.9325158976,4.76060023059479,0.701209419491727,6.78912761047266,1.12813623687213e-11,8.32046103503325e-09,0
"Efemp1",881.509745142089,4.68310632345415,0.743875071105784,6.29555486580916,3.06302192752457e-10,7.68982594269069e-08,0
"Tfpi2",596.772038906148,4.52100624918912,0.904193179957154,5.00004462475967,5.7317046955828e-07,2.43450260770993e-05,0
"Mrgprf",104.020243549946,4.48491620723837,0.963507825599086,4.6547792224207,3.24328042593738e-06,9.80586656091475e-05,0
"Mmp2",7528.74841259457,4.4819871049611,0.670177543574575,6.68776080000414,2.26611131629317e-11,1.17997255539873e-08,0
"Igfbp6",2578.13648878811,4.46539681584183,0.665850657973946,6.70630382709113,1.9961588936464e-11,1.12314020633305e-08,0
"Hbb",1278.43187515114,4.43123388445222,0.766774494376834,5.77905748945593,7.51202566546841e-09,8.65668596973938e-07,0
"Apod",552.768920451956,4.37462408164186,0.724069207573006,6.04172092375684,1.52479040254323e-09,2.78402964537081e-07,0
"Spib",174.191287075639,4.37411564367044,0.628768153926551,6.95664310661224,3.48476259618297e-12,3.49944838140974e-09,0
"Cpz",290.865250954393,4.32537770550694,0.91877422479076,4.70776997090008,2.50441480301869e-06,7.93008281883777e-05,0
"Tspan11",172.187340122579,4.28801949467596,0.780404426889873,5.4946119562198,3.91570452322118e-08,2.91274549692945e-06,0
"LOC100134871",436.153133312328,4.23420448068099,0.756824838041535,5.59469545375652,2.21009366856161e-08,1.94198168039423e-06,0
"Sparcl1",1520.98075856102,4.23354800665852,0.734307616567862,5.76536033555806,8.14835567342909e-09,8.88044437308059e-07,0
"Pdgfra",495.799817666226,4.19057633615578,0.71796006688417,5.83678191788883,5.32186794522391e-09,6.50609925581765e-07,0
"Col5a1",1752.58893106322,4.15558283877796,0.625931393293258,6.639038852028,3.15735173664412e-11,1.43190993759612e-08,0
"Dpt",583.369677582356,4.14720820732341,0.655928589347195,6.32265200004602,2.57111902038328e-10,6.95141582837855e-08,0
"Fbn1",921.711525313753,4.12540131983292,0.561508850136954,7.34699251637213,2.02716213177522e-13,3.56248405132847e-10,0
"Col15a1",828.462696539446,4.12425784412947,0.659332964647818,6.25519739686069,3.97013428511944e-10,9.37593231075438e-08,0
"Dcn",10892.6969333446,4.11752679462962,0.625069295279961,6.58731251994297,4.47858954360992e-11,1.90801486041248e-08,0
"Fxyd1",174.172572622264,4.10604266953417,0.696202797503866,5.89776812770042,3.68451241274916e-09,5.34026391864334e-07,0
"Postn",12740.6035846051,4.09685319368474,0.693825403392608,5.90473219004709,3.53220071098849e-09,5.28203895045238e-07,0
"Itgbl1",223.031165920867,4.05328558041306,0.861533212469403,4.70473514166119,2.54195738914036e-06,8.01494419884131e-05,0
"Ccl22",1262.40105328092,-4.04805551811022,0.594475844665142,-6.80945332672081,9.79703102668288e-12,7.65202551134081e-09,0
"Islr",445.765688707098,4.04135251317878,0.685147015821305,5.89851874102421,3.66779313098979e-09,5.34026391864334e-07,0
"Gldn",394.063488238915,4.04073234749275,0.843222106223056,4.79201424828853,1.65115173707805e-06,5.74592630484661e-05,0
"Olfml1",101.730220127807,4.03949654164942,0.871410711951083,4.63558283855039,3.55933144463812e-06,0.000105570972110058,0
"Galnt16",235.879709980233,4.02900024432997,0.780583159336211,5.16152596445475,2.44944908653479e-07,1.20408408068505e-05,0
"Itm2a",1424.02674031139,4.01934137532257,0.52058030637235,7.72088633803926,1.15523536298106e-14,3.24829079363014e-11,0
"Thbs2",1680.57528572949,3.99789535254555,0.743000653642973,5.38074271259877,7.41791506883981e-08,4.65573517646513e-06,0
"Scara5",224.86677982876,3.99633065841578,0.741581431019606,5.38893032006099,7.08782776983651e-08,4.57099865211612e-06,0
"Crabp1",1258.63588351624,3.99525238883788,0.610476205422043,6.54448503210018,5.97007431655876e-11,2.46862572989705e-08,0
"Pdgfrb",899.233911866216,3.99056756255685,0.727053616731542,5.48868401273675,4.04939277968701e-08,2.96512568175102e-06,0
"Gfpt2",1672.49207710961,3.99026254335228,0.535504368864597,7.45140987703356,9.23479669744078e-14,1.8681268300937e-10,0
"Ccl21",643.839890488252,3.98533400043207,0.676789719731581,5.88858530831804,3.8951546960255e-09,5.37149109487082e-07,0
"RGD1566401",114.776698427667,3.96203509535828,0.796552692127947,4.97397740854271,6.5592956464644e-07,2.69350883943957e-05,0
"Eln",5425.05441834561,3.94352054775894,0.744434970876685,5.29733381965499,1.1750576114581e-07,6.66134474172961e-06,0
"Col6a2",5387.66682472141,3.9420797972657,0.693203301171393,5.68675854630852,1.29473309929736e-08,1.30954335561306e-06,0
"Cpxm1",1585.06025922203,3.93925873163679,0.651519492278408,6.04626381608466,1.48243283741699e-09,2.74230569226914e-07,0
"Adcyap1r1",133.337414863187,3.92570244449733,0.836851423492613,4.69103873673698,2.71821496537378e-06,8.51122142498664e-05,0
"PCOLCE2",117.690855759264,3.92119005946015,0.669611248957151,5.8559202306816,4.74375885661103e-09,5.97427176452012e-07,0
"Aoc3",343.262605536984,3.90536850326521,0.783382377337446,4.98526468841276,6.18770451508346e-07,2.58139281239046e-05,0
"Col5a3",1013.11373976906,3.89806708623332,0.601856636904258,6.47673689582228,9.37274151981628e-11,3.56138846019181e-08,0
"Pdgfrl",188.509723415921,3.88817553944221,0.621967780754177,6.2514098957466,4.0676375214851e-10,9.37593231075438e-08,0
"Ackr3",750.155009705098,3.88742645010848,0.61126439411557,6.35964811222669,2.02216461857242e-10,6.20851774638502e-08,0
"Abcc9",113.429049641548,3.88718637143708,0.854034695528837,4.55155556535095,5.32507297583511e-06,0.000146794511700521,0
"Col13a1",172.478912022163,3.87938875366359,0.714965973157823,5.42597675876701,5.76384592086779e-08,3.8587576095943e-06,0
"Gpc3",293.285144089285,3.87698167325006,0.737423627502886,5.25746874476826,1.46051706755922e-07,7.74845639728868e-06,0
"Bgn",1353.83642316261,3.8430484032197,0.5484878961044,7.00662390276012,2.44137364936907e-12,2.86027267803998e-09,0
"Twist2",122.724525296748,3.82863259305685,0.694853375747668,5.50998631752664,3.58861592607565e-08,2.79288168231359e-06,0
"Mmp23",153.39784261589,3.81711152866951,0.803515281999021,4.75051516030053,2.02899081543788e-06,6.7119016174685e-05,0
"Lum",2996.35905766715,3.80806357947539,0.753586866642167,5.05325098942258,4.34352496797436e-07,1.97670026944142e-05,0
"Col5a2",1987.28324741842,3.80647552476207,0.594443803958038,6.40342367002075,1.51930828454481e-10,4.85453526645807e-08,0
"Mfap2",708.532808561547,3.76453150739974,0.699082316642943,5.3849617101994,7.24600719108466e-08,4.63052795906633e-06,0
"Clec14a",213.109481447022,3.76207728567368,0.757729769506751,4.96493266738435,6.87249092221656e-07,2.77931861986156e-05,0
"Aebp1",2400.65513885272,3.76139206132647,0.55722650594082,6.75020305248355,1.47638389330265e-11,9.88403864568664e-09,0
"Cpxm2",189.460231512584,3.75173736476129,0.74981730995771,5.00353528111119,5.62883584204904e-07,2.41267692388315e-05,0
"Alas2",117.508960884927,3.75112412854114,0.768897585183466,4.87857446924624,1.06855319521291e-06,4.02755747225157e-05,0
"Loxl1",2793.27781448776,3.73373904383376,0.672259957243496,5.55401077158219,2.79188266013122e-08,2.36452279028824e-06,0
"Rarres2",395.466584689823,3.71213508258045,0.664545780923615,5.58597344101886,2.32394752811165e-08,2.01681347516801e-06,0
"Sparc",16599.5598839619,3.69845815297384,0.555112385455729,6.66253942422403,2.69136088975817e-11,1.35135152675393e-08,0
"Tmeff2",140.836332858256,3.69595258973316,0.746823627614986,4.94889616914819,7.46355465102922e-07,2.98096917155738e-05,0
"Rn5-8s",337.177496100115,3.69574231747436,0.831342581981744,4.4455106686157,8.76833290714786e-06,0.000222115301516381,0
"Srpx",874.775388518094,3.68949062431737,0.600450511290152,6.1445374014088,8.01968924910145e-10,1.6828180769122e-07,0
"C1qtnf5",228.034762536495,3.67658044562608,0.784358440138441,4.68737283553314,2.76734544975439e-06,8.62663185767118e-05,0
"Prss23",724.041649259413,3.67180053380631,0.646867076937561,5.67628290991339,1.37653052210435e-08,1.35333165106748e-06,0
"Mfap5",685.260741364392,3.66821270728856,0.662011223733209,5.54101286471066,3.00727121444549e-08,2.47246935695258e-06,0
"Ccdc80",1829.81791381798,3.64526405001454,0.548290951155736,6.64841183742087,2.96272354946238e-11,1.38843101272972e-08,0
"Cpe",2628.20915060614,3.64132162657322,0.488737734619494,7.45046140013757,9.30143524479403e-14,1.8681268300937e-10,0
"Enpep",135.797287036925,3.62790393278068,0.718440351580043,5.04969400006827,4.42518335559678e-07,1.99798116816666e-05,0
"Rem1",171.763716814606,3.61663569252585,0.746276778035442,4.84623908846067,1.25823872334485e-06,4.547449411698e-05,0
"Ccn4",146.547460480161,3.60408651232066,0.60453938810467,5.96170668650733,2.49616919938404e-09,4.08065613652793e-07,0
"Adamts2",569.053259747951,3.59809975814708,0.700344634362364,5.13761308591021,2.78250028246714e-07,1.33058406364645e-05,0
"Ctsk",1004.53299444104,3.58638574457196,0.576963196951752,6.21596969012889,5.10086501597223e-10,1.13830255967545e-07,0
"Thy1",1639.98317867901,3.58571239535221,0.555510688460876,6.45480360654617,1.08359333720753e-10,3.8425317269391e-08,0
"Fndc1",653.414384414032,3.58378828965541,0.651777716835006,5.49848237687239,3.83073816058673e-08,2.88001859891384e-06,0
"Ednra",214.701142608964,3.57104236720229,0.691854881688488,5.16154826932359,2.44915719666216e-07,1.20408408068505e-05,0
"Cd19",300.373542544625,3.56691168091477,0.759124694470404,4.69871643867835,2.61801644914767e-06,8.21577974521587e-05,0
"Cilp",767.830650078564,3.5581153568138,0.865427659807218,4.11139546615185,3.93274923889828e-05,0.000744152376173228,0
"Cdh11",303.140209055838,3.55389281410221,0.688190444873485,5.16411240605868,2.4158249717211e-07,1.19591842526151e-05,0
"Adam33",218.216947970838,3.52965806176927,0.731333503106141,4.82633168968467,1.39070818781819e-06,4.93736525569088e-05,0
"Srpx2",147.113935228468,3.52692686114136,0.824370051071723,4.27832968526231,1.88300985340334e-05,0.000416245841650906,0
"Igf2",107.146231495952,-3.52447284117738,0.6396802913463,-5.5097411767363,3.59361707479452e-08,2.79288168231359e-06,0
"Gpx7",283.599354933272,3.50757473118217,0.59849752460097,5.86063364843613,4.6110424912594e-09,5.94857279052727e-07,0
"Sod3",773.244279451234,3.49805740102006,0.622426572398754,5.62003223535105,1.90921832892846e-08,1.74296756405229e-06,0
"Ccl11",449.965424151072,3.48786718076345,0.739937254482061,4.7137337113873,2.4321846899733e-06,7.75376067037067e-05,0
"Fbln5",329.166987246673,3.47335762751207,0.630525406298313,5.50867196280551,3.61550939740431e-08,2.79288168231359e-06,0
"Lrrc15",160.655854266088,3.46558891750036,0.689615084732284,5.02539604226572,5.02394659207797e-07,2.22050347297759e-05,0
"Igfbp4",6868.92602926919,3.44929987903436,0.531711849697797,6.48716006798569,8.74693973072461e-11,3.41592293539604e-08,0
"Ccl17",3117.87916419531,-3.44101787201059,0.578437117078039,-5.94881927597041,2.70083640997803e-09,4.31407448077122e-07,0
"Frzb",335.94609487771,3.43934603314057,0.72460316746667,4.74652359741275,2.06942591545489e-06,6.78183192200006e-05,0
"C1s",3234.79633205137,3.43216762498447,0.563699722250629,6.0886452299128,1.13870131995063e-09,2.25203164165281e-07,0
"Olfml2b",293.540857181828,3.42813324663526,0.734534028854945,4.66708567876607,3.05501960342845e-06,9.27657032496774e-05,0
"Loxl2",494.694139232019,3.42051966802514,0.515852046812756,6.63081534552235,3.33837649171872e-11,1.46669484678355e-08,0
"Fbln1",652.122083608037,3.41430039804611,0.488946967677838,6.98296670958344,2.89010915566418e-12,3.12554189380636e-09,0
"Egflam",351.896791949971,3.41142206074091,0.631987274243355,5.39792840738008,6.74147561936474e-08,4.3878891542893e-06,0
"Htra3",1126.94967468802,3.41065246402876,0.546194109201843,6.24439628067898,4.2544012446541e-10,9.64719791912775e-08,0
"Gpr153",157.353132775896,3.37095677768906,0.577882801063365,5.8332879460786,5.43456621958499e-09,6.58660055871943e-07,0
"Fn1",4381.31250703032,3.36346493810358,0.533350666795696,6.30629180293495,2.85799980237834e-10,7.30556713120675e-08,0
"Aqp1",342.530549163061,3.35760378403131,0.685844231285511,4.89557778701148,9.80173098333812e-07,3.73396372221864e-05,0
"Cygb",194.782304783261,3.35287245506768,0.541557234471216,6.19116917225097,5.97195709813626e-10,1.29168838219535e-07,0
"Col4a1",4913.92074358832,3.35180563623901,0.417520850002652,8.02787605988474,9.91745941607797e-16,4.64765206435467e-12,0
"Igsf10",125.420206828046,3.35022160092804,0.683116865095826,4.90431692161207,9.37530165629795e-07,3.63105691421193e-05,0
"Serpinf1",4732.25156630067,3.34687672463779,0.55426021447906,6.03845745591439,1.55594437939162e-09,2.80449000382908e-07,0
"Olfml3",354.283017171644,3.3385848339783,0.640823109023285,5.20983838904753,1.8900519258444e-07,9.62669705889893e-06,0
"Lox",310.856773041087,3.33398458022176,0.705437140156999,4.72612567503855,2.28844048599702e-06,7.40860709386007e-05,0
"Colec12",287.25022315625,3.32879456138809,0.65974996380113,5.04553958928522,4.52243237095432e-07,2.0184405302618e-05,0
"Plac9",137.834483503675,3.32501821213234,0.625448600564714,5.31621336930038,1.05948904884157e-07,6.129776352948e-06,0
"Pla1a",293.298087698888,3.29202260212349,0.547756459224667,6.01001146893504,1.85510202856187e-09,3.21986165673473e-07,0
"LOC691995",230.821060193332,3.27083423059825,0.566942353018632,5.7692536343122,7.96233892076479e-09,8.84785650743909e-07,0
"Nid2",275.280899887709,3.26634479594701,0.525818875053259,6.21192001830701,5.23410685288899e-10,1.14978606632447e-07,0
"Ror2",221.16021034514,3.25270085970458,0.554413308818219,5.8669242025196,4.43953498399908e-09,5.83321704112553e-07,0
"Sfrp4",614.783495605575,3.24514961052733,0.769009624076051,4.21990766946033,2.44402393394738e-05,0.000509800185272496,0
"Procr",422.295272665616,3.24137027197318,0.511603109805797,6.33571260581977,2.36246794480252e-10,6.91957017416222e-08,0
"Col26a1",203.752239829009,3.23848694033449,0.922682571307498,3.5098603149568,0.000448342155919914,0.00520929121494055,0
"Pth1r",203.653334967863,3.22444509332475,0.692875897853628,4.65371230737473,3.26011592530935e-06,9.82251896602814e-05,0
"Mxra8",1106.55456794628,3.22191665984803,0.541771735458755,5.94700027516168,2.73100952264484e-09,4.31407448077122e-07,0
"Ntrk2",162.623330993771,3.21894387849115,0.804397425126062,4.0016834688235,6.28933995883515e-05,0.00110114359254375,0
"Itga11",156.178300797668,3.21737619362373,0.732849977633403,4.39022486432165,1.13233505270042e-05,0.000276860843581135,0
"Plxdc1",129.479139947265,3.20348383917532,0.644158258322948,4.97313167654719,6.58798797682283e-07,2.69350883943957e-05,0
"Cxcl12",1329.16670648717,3.1994170249589,0.477081430297965,6.70622837480947,1.99719077874147e-11,1.12314020633305e-08,0
"Igfbp7",1613.46327600977,3.1965995151364,0.502693012026561,6.35894957490974,2.03138072646498e-10,6.20851774638502e-08,0
"Col18a1",1782.43605641771,3.19395719914038,0.468943913138145,6.81095779187453,9.69510761978689e-12,7.65202551134081e-09,0
"Ptprn",550.298821881662,3.18395920252,0.647981721567706,4.91365588957793,8.93935921453626e-07,3.47178041981119e-05,0
"Tmem119",478.07502242258,3.16419435470454,0.661547305120598,4.78302054926778,1.72680464532898e-06,5.93573264270908e-05,0
"Rcn3",745.898552168216,3.15531040370279,0.489216859233701,6.44971722488305,1.12059037488088e-10,3.8425317269391e-08,0
"Aldh1a2",770.4939031146,3.14102471920805,0.641670645930103,4.89507310195736,9.82691924902835e-07,3.73396372221864e-05,0
"C1qtnf2",110.679038989859,3.13850589426877,0.815138465511954,3.85027333030788,0.000117986079765917,0.00184102807483799,0
"Crlf1",170.895269384148,3.13655617276117,0.650379977129198,4.82265180826453,1.41662137469156e-06,5.00336041779413e-05,0
"Sfrp2",419.48131154199,3.1351106957076,0.645888946339504,4.85394697258013,1.21028111433832e-06,4.40378908544727e-05,0
"Mest",108.690823931446,3.13346951148397,0.54499348098088,5.74955411548107,8.94791105770897e-09,9.45854748573913e-07,0
"Sema5a",336.965055647078,3.12366190180779,0.552120682645314,5.65757088983107,1.53530409669681e-08,1.47841371886715e-06,0
"Prrx2",207.994751449567,3.1042351064443,0.71529152402051,4.33981810520558,1.42600702766781e-05,0.000333581244625321,0
"Gdf10",308.398561982418,3.07047415012426,0.833994361171665,3.68164857351147,0.000231730684724396,0.00309098832688831,0
"Serpine1",1698.50024681122,3.06069159491884,0.494877275276133,6.18474872019741,6.2201470021808e-10,1.32498555611606e-07,0
"Cxcl14",531.134298027683,3.06000913899283,0.51735746116139,5.91469026487714,3.32500682202569e-09,5.08111640335426e-07,0
"Art3",125.44553685519,3.05921203565387,0.538139974939234,5.68478867603045,1.30974512164105e-08,1.31526476179654e-06,0
"F5",332.561526284521,3.04947597984243,0.446478605188301,6.83006071154591,8.48787039968793e-12,7.45818562182579e-09,0
"Pdpn",364.25684390189,3.03078688368634,0.539062236019073,5.62233204475319,1.88396701832498e-08,1.73115636017195e-06,0
"LOC100909539",169.755257657635,3.01077584501842,0.558505149556533,5.39077544300003,7.01542951193363e-08,4.54515776535829e-06,0
"Angpt2",201.891540146874,3.00253832420793,0.624451431681383,4.80828159225029,1.5223322817073e-06,5.32399740013009e-05,0
"Clmp",340.476735326777,2.9990227227176,0.520977059687675,5.75653508527902,8.58579439970909e-09,9.16882035451829e-07,0
"Ddr2",298.421245802712,2.99891456724566,0.619282285100521,4.84256475503555,1.28173844531242e-06,4.62050276990958e-05,0
"Dkk3",664.556468230294,2.99020725378457,0.478326568551671,6.25139277301415,4.06808358315682e-10,9.37593231075438e-08,0
"Cthrc1",865.990181450276,2.98619336109983,0.547000764018534,5.45921241345587,4.78251314554769e-08,3.39582587440682e-06,0
"Pcdh18",177.489079189631,2.98443231046876,0.708926535802881,4.20979066200251,2.5560741108016e-05,0.000525634027925726,0
"Cd79b",308.210850408445,2.98000704641024,0.606222320264001,4.91569997804186,8.84657925306926e-07,3.44526475675625e-05,0
"Ebf1",152.850386356297,2.97784677118305,0.592873186100787,5.02273815209585,5.09399727165495e-07,2.23801586381866e-05,0
"Pcsk5",185.007202646938,2.97024070683061,0.695709479961506,4.26936931633439,1.96026461052824e-05,0.000427276901696379,0
"Col7a1",388.12352779443,2.92867093896999,0.524096196482777,5.58804081888855,2.29645672513042e-08,2.00533447817445e-06,0
"Lgals1",3162.62552117849,2.92124356682504,0.483013017755854,6.04796032288642,1.46691068993751e-09,2.74230569226914e-07,0
"Dact3",122.820779291115,2.91518104693111,0.603931527652658,4.82700589959551,1.38601017307271e-06,4.93314355018461e-05,0
"Mgp",5586.29634854723,2.91353594630651,0.515966785062493,5.64675097439389,1.63508404055943e-08,1.54279506887417e-06,0
"Serpine2",1847.11756382157,2.91043064787425,0.486180161602728,5.98632128114772,2.14640191659405e-09,3.59241244588045e-07,0
"Dchs1",150.049077723929,2.90950768444837,0.662009432790403,4.3949640901409,1.10791067045276e-05,0.000272309722305862,0
"Gpr176",157.34335266991,2.90595835592531,0.697977730585948,4.16339695177062,3.13547567372889e-05,0.000617879740078591,0
"Tspan18",109.9649400474,2.89485711556355,0.54386744864854,5.32272545958946,1.02223965774225e-07,6.01324993648462e-06,0
"Fhl1",100.014357995757,2.89440420286981,0.70884315329815,4.08327877528696,4.44047006026134e-05,0.000829064655739896,0
"Zeb1",687.343609459088,2.88897086257689,0.456416020307495,6.32968768412323,2.45657919913998e-10,6.95141582837855e-08,0
"Spon1",1549.913625977,2.88866636991577,0.578644722844925,4.99212427914931,5.97188066099624e-07,2.50622896158048e-05,0
"Ptn",1471.74079209227,2.88636931089127,0.366762913766452,7.86985052891487,3.55065212613048e-15,1.24796545603171e-11,0
"Clec11a",347.872506019053,2.8675375828281,0.652687846210802,4.39342880287365,1.11576741399958e-05,0.000273762200234207,0
"Lrrn4cl",263.982564093542,2.86220709655197,0.588412415139452,4.86428739929568,1.14869901936195e-06,4.26109749688908e-05,0
"Enpp2",271.046736074332,2.85270052171584,0.58431939204023,4.88209113128225,1.04966722939817e-06,3.96700848873895e-05,0
"Vcam1",103.317225183589,2.84706942254782,0.492615707615453,5.77949378904155,7.49257200725227e-09,8.65668596973938e-07,0
"Igfbp3",1112.39745695161,2.83189162465489,0.636015925800413,4.45254829286076,8.48571467692481e-06,0.000216516629115945,0
"Gpx8",338.040924089015,2.82050520429194,0.471675175030465,5.97976182255038,2.23464116251426e-09,3.69609648279858e-07,0
"Tnc",1036.59532325803,2.81606112795162,0.611911776950003,4.60207048471582,4.18311581831081e-06,0.000121009105534222,0
"Gjc1",135.239580075415,2.80864744537601,0.731613876714589,3.83897508613235,0.000123548965013626,0.00190041017409908,0
"Dnm1",259.76988034436,2.80520356465949,0.514361563544073,5.45375814112348,4.93162675304787e-08,3.4494398269204e-06,0
"Ccn5",121.756134930073,2.80089605563326,0.688245791295396,4.06961595851025,4.70906972943699e-05,0.000872518314928213,0
"F2r",1275.7316418064,2.79934159563855,0.415207918741339,6.74202362065847,1.56195681164081e-11,9.98161400675371e-09,0
"Chrd",100.559935500094,2.79713198061149,0.660356314610875,4.23579197884969,2.27747548855424e-05,0.000477183724196484,0
"Gpihbp1",108.564003922903,2.79003282238317,0.911318311293821,3.06153490806312,0.00220205313539026,0.0178025675850786,0
"Nkd2",621.341761107054,2.78887022917971,0.434788388730702,6.41431625467595,1.41456286469836e-10,4.73508078923674e-08,0
"Ptgis",147.358084601332,2.78612638479394,0.595848075502736,4.67590061853131,2.92666324003454e-06,8.96426110929098e-05,0
"Cd86",362.996237699754,-2.78239644733176,0.556804000393109,-4.99708415415004,5.82036731071879e-07,2.46471518136733e-05,0
"Slc41a2",152.247431752374,2.77758082963574,0.490714096238819,5.66028335221077,1.51123261829413e-08,1.47544579031925e-06,0
"Ednrb",258.579745727933,2.77646182026502,0.555279945168009,5.00011182544141,5.72970730566398e-07,2.43450260770993e-05,0
"Vcan",403.56065220673,2.77167137901069,0.522322990432121,5.30643190091569,1.11791898226937e-07,6.3889524275305e-06,0
"Fzd1",315.201497022713,2.76874318323607,0.496965851998386,5.57129463141677,2.52853300557657e-08,2.18089849849086e-06,0
"Smoc2",1825.83696068744,2.7583257261382,0.569796455548082,4.84089660312996,1.29254615990599e-06,4.64754640974893e-05,0
"Bcat1",530.67352528678,2.74022955521389,0.480320043809577,5.70500771419036,1.16337819835827e-08,1.19386380224226e-06,0
"Gypc",116.977773750543,2.72342123902324,0.431247688021001,6.31521354125059,2.69788685253049e-10,7.02399838143078e-08,0
"C1qtnf1",562.534424100906,2.71335597595448,0.494257892134343,5.48975751148343,4.02485922711596e-08,2.96259140701693e-06,0
"Il6",252.644405216989,2.68617423390031,0.700790716001117,3.83306195782427,0.000126558061529335,0.00193399976852274,0
"Cst7",1576.37822730644,-2.66913647815135,0.49956579718423,-5.3429127718426,9.14647839332729e-08,5.47192935028887e-06,0
"Acvrl1",339.394793060289,2.66543874790149,0.492290098230715,5.4143659551168,6.15062591222787e-08,4.05970186385031e-06,0
"Flnc",140.351513881051,2.65926594007712,0.72147578904033,3.6858699633072,0.000227922713747895,0.00305468582705591,0
"Cdh13",254.531590403892,2.65574218040688,0.489665002378709,5.42358993905167,5.84138024767471e-08,3.89213103801226e-06,0
"Thbd",350.607999323753,2.64687212211282,0.548679090529476,4.82408053778499,1.40650580205527e-06,4.98087281387786e-05,0
"Numbl",181.528063293361,2.6450625386444,0.503053174938695,5.25801778105614,1.45616443093461e-07,7.74845639728868e-06,0
"Twist1",208.835348157188,2.63475855388722,0.473071758360127,5.56946912878597,2.55516655770352e-08,2.19043211187523e-06,0
"Col8a1",402.957530450094,2.63405844460588,0.649523995718602,4.0553674105476,5.00555600182957e-05,0.000918709031719608,0
"Col14a1",1586.49055090739,2.63310840463023,0.42092078182359,6.25559135669804,3.96012439006888e-10,9.37593231075438e-08,0
"Exoc3l4",107.445861059269,2.6311490217472,0.61806087175138,4.25710337283025,2.07092614621962e-05,0.000445373075266431,0
"Hmcn1",173.398646758591,2.62998242822005,0.650411499886135,4.04356692444778,5.26441202389847e-05,0.000958709438393634,0
"Col2a1",414.850931702487,2.61337376628426,0.596304610890362,4.38261539246216,1.17263020283952e-05,0.000285023568109732,0
"Wfdc1",185.775352694804,2.60151781144719,0.795618393248506,3.26980601947273,0.00107621258175242,0.0101280036182263,0
"Tril",375.69070843869,2.59367367977781,0.549257985638766,4.72214104772908,2.33374737446869e-06,7.49090281681628e-05,0
"Jam3",368.875096307157,2.58548067503219,0.427359084552358,6.04990222154838,1.44933772752183e-09,2.74230569226914e-07,0
"Abca8a",220.864106989008,2.57061997589161,0.499863591540279,5.14264295179111,2.70900168011831e-07,1.30431008975285e-05,0
"Loxl3",175.753701136372,2.55759650983831,0.574238862770166,4.4538896192088,8.43284658296279e-06,0.000216345602390281,0
"Serping1",3124.82588676578,2.55495330018657,0.466277236059259,5.47947251677938,4.26595702337083e-08,3.07564563033695e-06,0
"Sema3b",563.867987167726,2.55268566871473,0.467767909759608,5.45716286956621,4.83802549680685e-08,3.41797992259334e-06,0
"Htra1",1935.9280279165,2.54987440925265,0.562507208835706,4.5330519666236,5.8137504693026e-06,0.000158560366776546,0
"Fkbp9",945.792145489345,2.54166770957511,0.51039392891773,4.97981571795851,6.36448469138431e-07,2.6472866945613e-05,0
"Pcsk6",116.619287572619,2.5377358246,0.711683857146023,3.56581900673814,0.00036272164677789,0.00439233732304079,0
"Antxr1",126.526996721547,2.53129263519906,0.534443578431334,4.73631406074473,2.17640234143184e-06,7.09931334528774e-05,0
"Cxcl13",256.76062951933,2.52782320616476,0.633559409860624,3.98987556150552,6.61079686913984e-05,0.00114459597516302,0
"Plvap",604.491903805221,2.52624517195884,0.534615198973713,4.72535232220934,2.29716725590454e-06,7.40860709386007e-05,0
"Pi16",740.08331917397,2.52529960047056,0.483096937803714,5.22731444324868,1.71989862281473e-07,8.88972600667366e-06,0
"Fst",363.719172165953,2.522048899095,0.455563083104314,5.53611342233697,3.09257336128927e-08,2.49876372910149e-06,0
"Atp10a",184.741281857162,2.50468690658424,0.473848446819969,5.28583964639617,1.25129470114508e-07,6.9809334140471e-06,0
"Mdk",334.362165398446,2.50117113266565,0.497760663430983,5.02484691221979,5.03834275467567e-07,2.22050347297759e-05,0
"Kazald1",118.403075912006,2.50060952145326,0.559725212103724,4.4675663475203,7.91144781259989e-06,0.000205215949810594,0
"Gpx3",3749.59483849393,2.49637047313257,0.528296958594446,4.72531676081243,2.29756930999572e-06,7.40860709386007e-05,0
"Lpar1",348.348087680565,2.49353196916927,0.464975081410903,5.36272172178128,8.19772484403149e-08,5.05490410448416e-06,0
"Itga1",134.769555976578,2.48826490346989,0.442535648115844,5.62274454965157,1.87947225075418e-08,1.73115636017195e-06,0
"Snai1",420.354856767812,2.48013799649506,0.442974711017691,5.598825248505,2.15809201931849e-08,1.90984162411163e-06,0
"Lhfpl6",232.341364950645,2.47851007944723,0.431869861718326,5.73902070773292,9.52255772738498e-09,9.91686215476336e-07,0
"Xylt1",128.602144832837,2.45941429926872,0.457464708604409,5.37618367714456,7.60811798580355e-08,4.73285534346956e-06,0
"Dlc1",239.70617407455,2.45832376123662,0.42269566467635,5.81582440198177,6.03357786422818e-09,7.18865010111729e-07,0
"Rgs5",236.448806234953,2.44061810300216,0.587961488247417,4.15098293304397,3.31050454307158e-05,0.000645525428169811,0
"Bicc1",105.178526729594,2.43551211400585,0.478303671095034,5.09197871810174,3.54345885292855e-07,1.66058293377742e-05,0
"Fbn2",115.360209407137,2.42034802387598,0.605880806007357,3.99475936500717,6.4759993334468e-05,0.00112402561270282,0
"Adamts18",148.192682626735,2.412496860208,0.519618765840411,4.64282088870697,3.43684273108416e-06,0.000102369855839644,0
"Col17a1",359.484895847766,2.40995772023154,0.411213418562724,5.86060087400562,4.61195272898124e-09,5.94857279052727e-07,0
"Rn45s",226.617291976325,2.40929246078255,0.612020108168425,3.93662304330616,8.26362587129271e-05,0.00137164481847112,0
"Tbx2",124.953530015455,2.40694239854848,0.552568963555329,4.35591312089224,1.32513332180916e-05,0.000315229261781979,0
"Smim38",4504.38721213782,-2.39836443482499,0.436452994177841,-5.4951265470016,3.90430339434587e-08,2.91274549692945e-06,0
"Qprt",320.279760065978,2.39096908380984,0.512628118210355,4.6641395562869,3.09911017925613e-06,9.39017026081076e-05,0
"Gpm6b",532.743279055859,2.38538172302446,0.351712432372032,6.78219335875301,1.18364905541408e-11,8.32046103503325e-09,0
"Zcchc24",224.454530798415,2.38513101760577,0.497271587935336,4.79643533930584,1.61514061183328e-06,5.63455629324172e-05,0
"Upk1b",171.944912910725,2.38446781177217,0.48911238765019,4.87509184387602,1.0875784315632e-06,4.07932628313243e-05,0
"Tgfbr3",230.115647945159,2.37914458303758,0.293753194598326,8.09912752196889,5.53547361519393e-16,3.89116117780057e-12,0
"Mnda",372.859200111275,2.3786555501734,0.519404592481162,4.57958128327421,4.65907701583659e-06,0.000131530047722182,0
"Plpp3",908.554533996978,2.37427411146306,0.374405245894689,6.34145524801457,2.27604875738947e-10,6.80829137875287e-08,0
"Tnfrsf11b",280.886671640899,2.35641513312203,0.659659317561619,3.57216986160727,0.000354035647548025,0.00432064858409521,0
"Tspan5",262.22761586888,2.3500717266498,0.419430102825161,5.60301158839193,2.10659134917043e-08,1.89849793448635e-06,0
"Lrp1",1711.45425085601,2.3459388355179,0.414599951606698,5.65831912528376,1.52862701055376e-08,1.47841371886715e-06,0
"Selenom",721.558250667176,2.34365005443204,0.43329149759949,5.4089454037669,6.33969508839317e-08,4.16494267512709e-06,0
"Cav1",1433.91698714146,2.34362099206736,0.429118680818649,5.46147510426797,4.72194474671229e-08,3.36983863929077e-06,0
"C1r",3131.74571834773,2.3388077824192,0.427811751753974,5.46690868782913,4.57951808336374e-08,3.28486962928627e-06,0
"Igfbp2",1851.87289174618,2.33668610869812,0.468651013954065,4.98598325646033,6.16474834511819e-07,2.57947014833383e-05,0
"S1pr3",354.375790364856,2.3302035410936,0.479915685964683,4.85544358986649,1.20117545984178e-06,4.39774109112385e-05,0
"Reln",209.509683143421,2.32025416741899,0.495411239621731,4.68349117228469,2.82029605816522e-06,8.73359962152971e-05,0
"Osr1",234.177726204931,2.31882347766473,0.511475380095407,4.53359744750997,5.7987494900151e-06,0.000158560366776546,0
"Lefty1",311.385144165755,-2.31314603061543,0.506514928611403,-4.56678747249732,4.95255682959838e-06,0.00013842544029289,0
"Ltbp4",906.24576177551,2.31086543849647,0.439026770079865,5.2636094105972,1.4125438115408e-07,7.56655110460243e-06,0
"Atp1b2",114.979344375277,2.3104293871618,0.535867997509676,4.31156441119639,1.62103537317527e-05,0.000367582843733404,0
"Entpd1",103.715012646851,2.3098624933983,0.516792838325003,4.46961010699158,7.83623112438506e-06,0.000204396240032893,0
"Angptl2",604.397071499222,2.2953600450572,0.595352808555493,3.85546185735891,0.000115511340707192,0.00181045032218774,0
"Fgl2",12212.4255557943,2.29103639048113,0.545470921038329,4.20010728733263,2.66788531919429e-05,0.000543786323149615,0
"Rgs16",259.122243325221,2.28663992108726,0.538812773959688,4.24384875711639,2.19718465936228e-05,0.000463019335676495,0
"Rspo3",118.306127246053,-2.28261100297148,0.511772198305922,-4.46020907452069,8.18797371344508e-06,0.000210832824976785,0
"Apold1",227.643380107704,2.28020560242478,0.604256835815485,3.77357022258175,0.000160927894813245,0.00232765974606936,0
"RGD1564664",1319.12103875795,2.27668261151314,0.428735386578527,5.31022789996865,1.09488236324213e-07,6.29009624117603e-06,0
"Fam102b",445.278017388537,2.26938258290187,0.371722155685544,6.1050506357809,1.02768095814353e-09,2.06402379864855e-07,0
"Emp1",2353.19899840564,2.26766746442242,0.404580780864863,5.60498069032068,2.08278182910334e-08,1.88915030550735e-06,0
"Reck",329.243820220458,2.25886685285449,0.379978875887028,5.94471692033238,2.76935016504246e-09,4.32603266337022e-07,0
"Penk",1540.39594414242,2.25774525718771,0.438286259984571,5.15130284318561,2.58683075030776e-07,1.26278658050614e-05,0
"Ptx3",141.111147474664,2.24938931509258,0.540221187689296,4.16383023537815,3.12952840320298e-05,0.000617879740078591,0
"Chst12",436.387142895477,2.24217524878313,0.347507812514865,6.45215781641517,1.10268658079045e-10,3.8425317269391e-08,0
"Nrgn",217.23430321811,2.24009973757631,0.558842952507824,4.00846020787021,6.11159340213094e-05,0.00107654291018789,0
"Serpinh1",4143.74895239397,2.23980066962461,0.429570640384338,5.21404504651586,1.84766568771723e-07,9.4459388740424e-06,0
"Ccr7",2037.2987434007,-2.23690239935194,0.554487522282175,-4.03417986782685,5.47933354900084e-05,0.000988882546410819,0
"Jam2",120.386769115572,2.23608911710736,0.518883092993652,4.30942759033916,1.63677637224706e-05,0.000370554573549458,0
"Nt5e",383.678900797971,2.22810429332672,0.378469786041892,5.88713914690167,3.92937877156329e-09,5.37149109487082e-07,0
"Esam",191.295222046219,2.22773526146466,0.604315396715668,3.68637845994318,0.000227468000584485,0.00305150059181038,0
"Bst1",140.921506661891,2.22200783555903,0.503992260858722,4.40881340473975,1.03938527311175e-05,0.000258632169109346,0
"Anpep",427.465155652657,2.21771008720343,0.480471588372193,4.61569454026801,3.91782841954545e-06,0.000114751561979978,0
"Il16",879.184097625733,2.21692065898855,0.457430496357518,4.84646449382302,1.25681068527392e-06,4.547449411698e-05,0
"Crispld2",844.022889486456,2.21635518498601,0.372999097952762,5.94198537516756,2.81590547959269e-09,4.35041924588941e-07,0
"Cercam",317.445491172938,2.20724214243492,0.412815033361549,5.34680659389115,8.95195829342897e-08,5.40152710932695e-06,0
"Il34",244.541179315046,2.20505430844485,0.516161847542217,4.27202110916285,1.93709234033512e-05,0.000423539365672961,0
"Flrt2",114.016804305697,2.20424845392041,0.616546305930274,3.57515474947909,0.000350020800139407,0.00429027238810804,0
"Cybrd1",447.785438766894,2.20094815792547,0.430158119808927,5.11660260860149,3.1108808344681e-07,1.47258833844401e-05,0
"Slc12a4",448.946904946458,2.19749858096097,0.38883528655548,5.65148960740584,1.590633061727e-08,1.52127280372925e-06,0
"Gpr65",233.604542429748,-2.18722424340851,0.61282659635297,-3.5690752595025,0.000358243511806037,0.0043531076339508,0
"Enc1",229.290026352099,2.18620571090778,0.416115663387814,5.25384142742608,1.48959143819549e-07,7.84350787625109e-06,0
"Ccl9",233.554865094688,-2.17853654632453,0.586670757332116,-3.71338867515984,0.000204502444421457,0.00281104541731568,0
"Fcrla",166.780484970388,2.16936483960405,0.53821002767873,4.03070312338921,5.56102472083551e-05,0.000998498678802381,0
"Fscn1",737.001306987194,2.16761626071693,0.476800705806472,4.5461683137624,5.46313539438505e-06,0.000150012149432928,0
"Mmp19",645.779831383829,2.16709735738764,0.502452772608099,4.31303691715901,1.61027217349327e-05,0.000365732091876282,0
"Krt17",1884.07485681398,2.16448918459828,0.474345302929022,4.56310871264632,5.04016993103376e-06,0.000140316334773076,0
"Il1rl1",3784.5982300099,2.16284083587408,0.556005817699149,3.88996080081374,0.00010026041607908,0.00160359634773127,0
"Smpd3",178.925804746864,2.15954261306808,0.411649631668141,5.24606958669413,1.55378235849727e-07,8.1509799172064e-06,0
"Gramd1b",163.031544658471,2.15115360327159,0.43415329671403,4.95482498820808,7.23954207385977e-07,2.89973566998275e-05,0
"Adamts1",1757.58637394108,2.14673010867753,0.420264453667288,5.1080458743176,3.25507633383591e-07,1.53053906947823e-05,0
"Hpgd",489.926257247028,-2.14449214870462,0.545024584791942,-3.93467048742996,8.33109147566946e-05,0.00137796253007573,0
"Ptprv",161.463757300703,2.13587083584716,0.453261125376292,4.71223035964971,2.45020173897486e-06,7.79352630050849e-05,0
"Grb10",101.493138628342,2.13358792277117,0.528427350160401,4.0376182688567,5.39966239842611e-05,0.000979533595606099,0
"Egr2",739.991400227637,2.1275053587215,0.368681462188524,5.77057860759378,7.8999802256228e-09,8.84785650743909e-07,0
"Fmod",136.954056799355,2.11526047623725,0.657317187941705,3.2180209418544,0.00129078393171303,0.0116322299968392,0
"Gpnmb",1703.49129479331,2.1128241195197,0.487170173813452,4.33693241723117,1.44485025732005e-05,0.000337427737004363,0
"Cd72",302.521543270455,2.11204045560954,0.48581080857446,4.3474546435206,1.37726539960562e-05,0.000325428138706813,0
"Tpsb2",593.559754536748,2.11061901899582,0.789391098865263,2.67373045126782,0.00750127173412727,0.044476498372511,0
"Pcdhgc3",233.745233852466,2.10900270410572,0.398103337860001,5.29762627824886,1.17317769981292e-07,6.66134474172961e-06,0
"Tpst1",338.938579185027,2.10775518625399,0.422142509181928,4.99299440451667,5.94502806007292e-07,2.50242962564566e-05,0
"Dse",555.16898508624,2.10754050260107,0.420670152214619,5.0099596833907,5.44414392799138e-07,2.34782881851628e-05,0
"Spats2l",120.337235775167,2.104585936334,0.45900324397306,4.58512214013355,4.53721122812657e-06,0.000128493085594605,0
"Ca4",208.006521103196,2.09464840782774,0.657255694818894,3.18696121515527,0.00143776053275027,0.0127288887468111,0
"Rnase4",971.650089095896,2.08962039235515,0.43025039721899,4.85675412704282,1.19325610398569e-06,4.38015341147125e-05,0
"Myh11",475.368576037119,2.08604283879528,0.448312077632076,4.65310426124025,3.26974811586967e-06,9.82251896602814e-05,0
"Lrrc32",852.101440024336,2.07515417397272,0.455455806583705,4.5562141133694,5.20838455604896e-06,0.000144712803307297,0
"Slc7a5",1803.66075683482,2.07515113344652,0.375737647026062,5.52287254117654,3.3350167446058e-08,2.6792571664236e-06,0
"Mark1",200.460842507603,2.06954661940692,0.406489234697023,5.09127042675424,3.55672326498755e-07,1.66126154094552e-05,0
"Calcrl",138.467601501885,2.06861826041583,0.462288981900105,4.4747297500221,7.65080199874686e-06,0.000200302840410395,0
"Plod2",105.13790318794,2.06624406096215,0.498088925631322,4.14834370859221,3.34889354795418e-05,0.000649408198492246,0
"Adamts12",211.979147953897,2.06472108821885,0.557449897182751,3.70386845284854,0.000212336398534424,0.00289828876407327,0
"Jag2",263.775409465111,2.05916191844506,0.341671476904917,6.0267305222499,1.67309616109899e-09,2.94025736611134e-07,0
"Spef2",231.793111949333,-2.04725669242856,0.347438649401235,-5.89242646423113,3.80565468549215e-09,5.37149109487082e-07,0
"Tie1",319.9769251706,2.04679596323927,0.536685603370126,3.81377094967032,0.000136862322340045,0.00205351909261333,0
"Itga4",997.001517164211,2.04609122728756,0.485824717813223,4.21158321564483,2.53587102565358e-05,0.000523521450068484,0
"Clec4e",207.663156802488,-2.04401763283979,0.557557007574408,-3.6660244693759,0.000246350363744655,0.00324900540702261,0
"Gulp1",139.636761176982,2.03896364888808,0.549231554313686,3.71239349391705,0.000205308464960816,0.00281603093549669,0
"Septin5",131.790690130098,2.03386498301902,0.502801306914698,4.04506701762428,5.23081582626435e-05,0.000955065450668188,0
"Oaf",2181.89747005481,2.03078440352434,0.419811767881102,4.83736893268673,1.31569085448259e-06,4.70669153261343e-05,0
"Gng2",1119.14469873233,2.03025280889953,0.401568878820431,5.05580216988725,4.28585435926275e-07,1.9626979295399e-05,0
"Zbtb40",1077.58014655666,-2.02744098091216,0.401709465521637,-5.0470331294769,4.48723565325281e-07,2.00910974678603e-05,0
"Emp3",3941.59832566975,2.02487968736452,0.43247653041643,4.68205681685147,2.84010731751533e-06,8.73721417438688e-05,0
"Zeb2",385.274442989393,2.02127504440001,0.486787326037553,4.15227541122154,3.29185756136263e-05,0.000643674902019433,0
"Gja1",2550.1918239132,2.01206192541868,0.430827188137407,4.67022969027887,3.00863140793468e-06,9.15548678877785e-05,0
"Lix1l",128.891256235479,2.00998245627789,0.462515974058368,4.34575791759407,1.38795577293937e-05,0.000326855447433076,0
"Havcr2",300.518302513464,-2.00671797227265,0.539820889470229,-3.71737739575437,0.000201301623257282,0.00277733024668707,0
"Bco2",1491.8856801199,-1.99970239695879,0.27978200141685,-7.14735896816826,8.84633288760915e-13,1.24370594066897e-09,0
"Aadat",101.550657041615,-1.99880393630904,0.541269818012998,-3.69280508498821,0.000221794017061763,0.00299539105271021,0
"Il1r1",112.266014258448,1.99484271445101,0.414432480652012,4.81343236252282,1.48359829102173e-06,5.21447709336862e-05,0
"Mmd",2288.97903910803,1.99196863054854,0.396104759558554,5.02889344921917,4.93318407934437e-07,2.19479857504755e-05,0
"Cdr2",183.9219858482,1.99114321715158,0.345310804479124,5.76623491452888,8.10620495618229e-09,8.88044437308059e-07,0
"Nfatc4",115.542914710889,1.98988021966883,0.468254667391282,4.249568361496,2.14182837582988e-05,0.000452811505801388,0
"Tph1",1224.67053241425,-1.98845772131425,0.400638216093941,-4.96322527766049,6.93320847775096e-07,2.79295065870203e-05,0
"Napsa",1927.485936625,-1.98606916367657,0.496349182985133,-4.0013547554002,6.29808500699867e-05,0.00110130319792779,0
"Il9r",164.098352741578,-1.97911993204278,0.691680172778152,-2.86132234222298,0.00421877874333117,0.0291601820808717,0
"Septin4",316.837835149627,1.97793358212721,0.397443644061986,4.97663910765354,6.46977852922839e-07,2.66796903540118e-05,0
"Fkbp7",210.74567043957,1.97732910453574,0.343519676020701,5.75608689272453,8.60860862647709e-09,9.16882035451829e-07,0
"Clec7a",921.130249371398,-1.97681965822912,0.526348980773631,-3.75572050186851,0.000172843504751092,0.00245952108633158,0
"Ppic",1223.34503296371,1.9745977386475,0.509259728078447,3.87738835367584,0.000105583752475429,0.00167350842846906,0
"S100a4",5939.08739858016,1.96630542625962,0.39778309741648,4.94315982511668,7.68664170516794e-07,3.0527258681626e-05,0
"Plagl1",119.829620115674,1.96311183279706,0.50475601004104,3.88922923896924,0.000100563094611648,0.00160560132036911,0
"Gsn",21229.9871016304,1.95862323212457,0.364965647518295,5.36659613156165,8.02364441939951e-08,4.96935757234968e-06,0
"Nrg2",121.436167644833,1.9585441129754,0.37075661976915,5.28256006378222,1.27391049424547e-07,7.07901487691585e-06,0
"Il17b",168.564914504043,1.95265323990996,0.523012087586039,3.73347631203405,0.000188854963001456,0.00264717041359668,0
"Cdo1",2539.98283874862,-1.94873739476807,0.378503856232939,-5.14852718850182,2.62539735726304e-07,1.27277453261245e-05,0
"Adora2b",120.21122500933,1.94452661814689,0.523326667974275,3.71570328275813,0.000202639271255366,0.00279030902505307,0
"LOC310926",3065.70804081659,1.94352393625667,0.452512928047915,4.29495781400279,1.74726558702114e-05,0.000390537470396347,0
"Fstl1",2928.0674635496,1.940304650526,0.408501414412431,4.74981133986241,2.03606507076839e-06,6.71949268308283e-05,0
"Rgl1",143.642455057191,1.93995377966404,0.485832259282406,3.99305262793672,6.5228083934701e-05,0.0011307541702071,0
"Lyc2",857.261406247154,-1.93742267676959,0.520108955946421,-3.72503233143551,0.000195290190579705,0.00271035023628833,0
"Bcl2a1",3786.34050511447,-1.9339188017764,0.423083934238341,-4.57100505425229,4.85390573550963e-06,0.00013648212147106,0
"Unc5b",223.497263075102,1.93022258850888,0.338140907928116,5.70833798352259,1.14084702894805e-08,1.17935061617505e-06,0
"Rnase1l1",174.959557680474,-1.92982674717873,0.576867668382112,-3.34535432119318,0.000821775160656713,0.00818804888991689,0
"Rftn1",1215.3651119721,1.92446559284245,0.445538253607799,4.31941719315651,1.56441794699176e-05,0.000358795300436494,0
"Runx2",471.802814239157,1.92240511949672,0.315956842118991,6.08439148398859,1.16934568490401e-09,2.25203164165281e-07,0
"Rbp7",480.147416471093,-1.92158126962653,0.430251059331052,-4.46618602779078,7.96263782447243e-06,0.000205902106652781,0
"LOC361346",121.765224993281,1.92072175058528,0.383094619762753,5.01370066688684,5.33930280878111e-07,2.30970025195857e-05,0
"Akap12",213.756065340847,1.9182471545424,0.469147289887689,4.08879513084604,4.33619601962708e-05,0.000811752061783451,0
"Lef1",184.347425522623,1.91605566716833,0.379540413272846,5.04835743484031,4.45624826397322e-07,2.00161004291372e-05,0
"Fbp1",331.146028780801,-1.90670634878414,0.551937490033102,-3.4545693728284,0.000551172396768993,0.00608236477721764,0
"Bdkrb2",132.011167486181,1.90495870396178,0.623756255440604,3.05401138240477,0.00225803513375069,0.0181611647284903,0
"Susd2",183.13804545027,1.90470848537069,0.536009976885283,3.55349446373894,0.000380149198641089,0.00454841601603684,0
"Robo1",110.929620795146,1.90154100307398,0.604066017863046,3.14790262461859,0.00164446463952337,0.0142011845006505,0
"Rgma",393.952108112017,1.89112162790893,0.378651722530993,4.99435633163967,5.90323166864401e-07,2.49229831920319e-05,0
"Ch25h",110.021153507321,1.88780553933562,0.511027674680537,3.69413562683423,0.000220636022727863,0.00298563278009684,0
"Sgce",211.125671354551,1.88496049263933,0.496134225607002,3.7992954231955,0.000145108037109003,0.00214293476230617,0
"Adcy7",865.287229285617,1.88022604577517,0.345326107054105,5.4447839516535,5.18683014189194e-08,3.57459043945386e-06,0
"Ramp2",160.797288051333,1.87990701051601,0.427341938238594,4.39906979002472,1.08715863725288e-05,0.00026909090283694,0
"Tgfbi",874.470377620143,1.87555836633826,0.431206063811955,4.34956398747718,1.3640847768613e-05,0.000323252437306931,0
"Ccl7",1563.8041878946,1.86167393754391,0.625145413850149,2.97798543554566,0.00290149771911427,0.0219312668994772,0
"Ndrg4",175.785661998161,1.85819335653601,0.402264387854552,4.61933348474258,3.84974686964955e-06,0.000113229270377412,0
"Papss2",142.109262050238,1.8551565411099,0.498925494114675,3.71830376076854,0.000200565009675089,0.00276988553145587,0
"Akap2",590.949219620917,1.85277368697877,0.393025214472789,4.71413440856235,2.42740400959467e-06,7.75376067037067e-05,0
"Eng",550.928936651329,1.8518882043267,0.369865131275992,5.00692833070774,5.5305507631918e-07,2.37779856818696e-05,0
"Mitf",232.078649474177,1.84887059255739,0.389970360281851,4.74105414375882,2.12609100491684e-06,6.95132870654091e-05,0
"Prnp",5001.97304643436,1.82944175239877,0.31673205920653,5.77599172304138,7.65011343150943e-09,8.6736245752896e-07,0
"Mylk",178.055380728308,1.82880604512704,0.462169445686824,3.95700335059855,7.58958666595591e-05,0.0012809363617848,0
"Spdef",262.547244158901,-1.8242396655542,0.424300666369411,-4.29940325374355,1.71258614658064e-05,0.000384007155259605,0
"Selp",109.13677175214,1.81881041370608,0.59402136401669,3.06186026948179,0.00219966108896698,0.0177951763005946,0
"Rps4y2",110.156814533942,1.81709104008175,0.420786132476891,4.31832444046036,1.57218206097777e-05,0.000359988723050268,0
"Pcolce",1567.3340474534,1.81458472469645,0.506427168279412,3.58311093550038,0.000339526325794844,0.00418352376367197,0
"Lhfpl2",459.640126682746,1.81053013827369,0.490383958263906,3.69206640584955,0.000222439363308931,0.00299933227336557,0
"Cyp2s1",707.285570991295,1.80716036293248,0.474670211006618,3.8071914373984,0.000140553942646359,0.00210217859538846,0
"Tmprss6",169.005149918185,-1.80666865422135,0.420594862912026,-4.29550813272592,1.74293647037763e-05,0.000390190188487883,0
"Pecam1",259.564575443284,1.80363679514579,0.40470881342258,4.45662840868877,8.32587377371908e-06,0.000213991699057983,0
"Tmem47",654.893175596614,1.79005673823079,0.431282107765676,4.15054718477532,3.31681380300994e-05,0.000645859906599955,0
"Prlr",1038.41998708614,-1.78946899141415,0.338074037847422,-5.29312751374821,1.20242015709852e-07,6.75144771462169e-06,0
"Mfsd2a",157.326540903284,1.78193510482709,0.385044197829838,4.6278715920674,3.69442955075282e-06,0.000109347336955861,0
"Bmp3",268.31571733687,-1.77992462389124,0.468413717438307,-3.79989858884878,0.000144755312608581,0.00213997364875294,0
"Axl",1540.39092464623,1.77859771131482,0.481841431720297,3.69125109263595,0.000223153707185515,0.00300221815246044,0
"Pgr",553.853334634269,-1.77800711500435,0.417483759189049,-4.25886534714089,2.05467187252052e-05,0.00044509448159886,0
"Igf1",453.644847811043,1.77796326884498,0.517270380397287,3.43720293336616,0.000587755060371398,0.00638581792408152,0
"Gas7",621.402586373487,1.77732887666424,0.36133745035458,4.91875081013648,8.70982645932104e-07,3.41090390505834e-05,0
"Emilin1",858.243254552177,1.77702545740932,0.397651067658382,4.46880595058766,7.86574463123198e-06,0.000204786118093501,0
"Csrp2",122.092973561042,1.77385961242126,0.378856235139227,4.68214443341385,2.83889334160481e-06,8.73721417438688e-05,0
"Shc2",169.534168858735,1.77060426383851,0.412973855490308,4.28744880650214,1.8073689261817e-05,0.000401845623658771,0
"Mmrn2",117.952945829157,1.76811348469396,0.514769333158681,3.43476848911068,0.000593060253569304,0.00643351396985405,0
"Cited1",4874.41243795546,-1.76399881464573,0.435183477787269,-4.05345998799162,5.04656346644268e-05,0.000925027845824219,0
"Nbl1",1846.77876238498,1.76350084964584,0.447533340316555,3.94049044122267,8.13151910143572e-05,0.00135131237644308,0
"Abcc8",176.738880106575,-1.76014812161247,0.542770798858269,-3.24289391639156,0.00118322258040107,0.0108796116794366,0
"Dclk1",360.283984194421,1.75716602832533,0.330326304465111,5.31948562549587,1.0406103442496e-07,6.09580867908548e-06,0
"Chsy1",546.057351938468,1.75517813699851,0.325796438433332,5.38734599260413,7.15057007396265e-08,4.59040477944479e-06,0
"Blk",139.896510728784,1.75362686077789,0.577321361404486,3.03752290840536,0.00238531273278452,0.0189893044791719,0
"Ptprm",169.571939209937,1.74984902967665,0.297245056840896,5.88689025908102,3.93529826283302e-09,5.37149109487082e-07,0
"Nav3",107.802115734865,1.74961738419249,0.530004183985528,3.30113881561407,0.000962932271783096,0.00926616345585116,0
"Actg2",319.045424156494,1.74869162696622,0.521152632983339,3.35543085900925,0.000792414618652016,0.00798034177910365,0
"Acsm3",364.84519076267,-1.74747700035486,0.353253325034624,-4.94680977223238,7.54396337376197e-07,3.00454903885891e-05,0
"Flna",3143.6337480655,1.74721422064254,0.272628344705581,6.40877683694046,1.46691724961791e-10,4.79613711915771e-08,0
"Efemp2",808.406820566339,1.74530671317909,0.335177288980012,5.20711507181851,1.91799161290664e-07,9.69965614599083e-06,0
"Adamts7",115.412598983111,1.74174608096084,0.588399758053688,2.96014071576474,0.00307498555681541,0.0229465084624564,0
"Vill",391.176804197637,-1.73950274664569,0.38712726670266,-4.49336147634816,7.01076315899934e-06,0.000185271276790172,0
"Gem",1400.76358450431,1.73709053035396,0.413945095686601,4.1964273727478,2.71158359941365e-05,0.000550898176649661,0
"Krt15",994.195328043094,1.73344907014211,0.419551727085224,4.13166948968368,3.60137997720479e-05,0.00069263749794148,0
"Phlda3",425.869323334774,1.73322990113492,0.395596821323969,4.3813039127418,1.17971184819475e-05,0.000285958084030518,0
"Nnat",189.433260998048,1.72979586075042,0.404654575128513,4.2747468262309,1.91354611025781e-05,0.000419696486179635,0
"Rab3il1",143.586444652487,1.729301833497,0.533727574746591,3.24004588730132,0.00119510465329736,0.0109601932946559,0
"Mex3b",141.630133316402,1.72543123284031,0.316285995554858,5.45528811610329,4.8893502140946e-08,3.4369687329978e-06,0
"Abcc5",677.299914527804,1.72411915979709,0.324244913836689,5.31733602046713,1.05297505896024e-07,6.129776352948e-06,0
"Gask1b",398.616631615236,1.72292118559856,0.462442142344259,3.72570107227805,0.000194773118523046,0.00270584513173469,0
"Tent5a",709.89510649618,1.72219681850362,0.294122397788954,5.85537460407683,4.75936010830254e-09,5.97427176452012e-07,0
"Shisa8",282.551132302956,-1.71786857876055,0.468017785610215,-3.67051986394223,0.000242057656842813,0.00320140037399164,0
"Fgfrl1",144.871029813269,1.71168428547615,0.351114811530473,4.874998801717,1.08809115596747e-06,4.07932628313243e-05,0
"Cited4",1273.08136792709,-1.71118627075499,0.305641157630214,-5.59867749495081,2.15993184603278e-08,1.90984162411163e-06,0
"Cbs",570.930522916524,-1.7069625010705,0.44291106439138,-3.85396220213216,0.000116221545465687,0.00181955312661703,0
"Fbp2",100.915976304884,-1.70387039637772,0.40016643070869,-4.25790437583728,2.06352174655824e-05,0.000445373075266431,0
"Foxa1",537.760938056828,-1.69793328082632,0.380047599799516,-4.46768584177883,7.90703112147581e-06,0.000205215949810594,0
"Il1b",3574.75881473691,-1.69561291729342,0.531701261837202,-3.18903308868315,0.00142749536975747,0.0126459718988156,0
"Tcf4",861.913019385424,1.69505150095051,0.335030876250308,5.05938891340901,4.20602224675455e-07,1.93876940220073e-05,0
"Prex2",120.85706806745,1.69367512342315,0.458766002519734,3.69180609312978,0.000222667204989314,0.00299933227336557,0
"Tpm2",1865.68933976618,1.69184133079505,0.354715072778071,4.76957834789716,1.8461193200839e-06,6.26499239661389e-05,0
"Hdgfl3",286.814198048932,1.68890393577608,0.320887369801422,5.26322970212646,1.41546549577526e-07,7.56655110460243e-06,0
"Arhgap31",129.616247992948,1.67700518415533,0.409189995621026,4.09835333732964,4.16099759405512e-05,0.000782078411428087,0
"Col16a1",1951.5428160126,1.67483644634815,0.421347517982608,3.97495268126222,7.03932504562109e-05,0.00120396436516286,0
"Palm",311.455004871181,1.67366349549277,0.403850413901739,4.14426589123166,3.40904018122778e-05,0.000660161100659523,0
"Pde8a",110.027570154747,1.67202271295247,0.382426663408984,4.37213947910408,1.23034878708762e-05,0.000294675870488328,0
"P2ry14",118.92371686737,-1.66971340540425,0.511291952107693,-3.26567511677273,0.00109203460034734,0.0102421043671003,0
"Areg",3374.77541245197,-1.66910730643238,0.335630105245871,-4.97305599332233,6.59056149631702e-07,2.69350883943957e-05,0
"Plpp1",284.852878212853,1.66888002975498,0.29363845807762,5.68345182262818,1.32002922010347e-08,1.31619083726488e-06,0
"Nectin1",232.92111955851,1.66233438848361,0.334030246903782,4.97659838859577,6.47113906445554e-07,2.66796903540118e-05,0
"Nlrp3",348.020400263801,-1.66201141326123,0.532088793431566,-3.1235602662152,0.00178677269558424,0.0151509272178642,0
"Slc39a2",190.822297109615,-1.66151063732148,0.495212496523638,-3.35514682885667,0.000793228701997905,0.00798282199097247,0
"Ntng2",105.595439585487,1.66048605065854,0.458137435053991,3.62442778871115,0.000289601918375298,0.00371149805874049,0
"Ghr",211.481531714152,1.65227987711298,0.454814280496108,3.63286718990152,0.000280289301911672,0.00360199935610256,0
"Adamts4",616.456938339962,1.65209981917828,0.485610035142294,3.40211218801149,0.000668671824408514,0.00701556505922336,0
"Tmem156",165.058506959556,-1.65138291555816,0.512406502001768,-3.22279851857238,0.0012694481217789,0.0114920612647068,0
"Ntm",274.232482038938,-1.65134140811525,0.39874136375327,-4.14138476272316,3.45215302354535e-05,0.000666486517621736,0
"Scarf1",102.425036065322,1.6489387498882,0.520164249803424,3.17003475442872,0.00152420705568503,0.0133679519624927,0
"Apoe",30877.9128588802,1.64849961069236,0.408844413155411,4.0320952363503,5.52817745929141e-05,0.000995142725994596,0
"Clca1",16700.5682388763,-1.64737461518473,0.485526105924846,-3.39296815368302,0.000691396758322068,0.0071368186675844,0
"Hs3st1",255.318353936401,1.64177803858106,0.306255411948913,5.36081314656059,8.28481776447606e-08,5.0733288207727e-06,0
"P3h3",527.163123818194,1.64119634095439,0.298175838980549,5.5041224888159,3.7101154157212e-08,2.83481046900132e-06,0
"Epdr1",228.065259317293,-1.63975661941137,0.432407788553831,-3.79215329329628,0.000149346674119917,0.00219171700569093,0
"Tmem150c",536.135339098927,-1.63230897885189,0.341793664143699,-4.77571456141921,1.790702445461e-06,6.12542230674845e-05,0
"Sulf1",152.782814363826,1.63018281112908,0.517997232767746,3.14708787616247,0.00164905392866459,0.0142320743910961,0
"Mmp12",1407.09808559849,-1.630139120463,0.487034770630464,-3.34706928286206,0.000816707956618171,0.00814911083186293,0
"Tns1",226.655098123402,1.62617192332604,0.381701662523954,4.26032182457152,2.04132759462352e-05,0.000443164740431627,0
"Cd226",125.565816023786,-1.62277229226953,0.590481897930813,-2.74821683434514,0.00599203675485364,0.0380561796613392,0
"Slamf6",498.331152597804,-1.62244932442258,0.533120283342898,-3.04330818975619,0.00233992558113437,0.018702111282074,0
"Evc",108.929186399632,1.61911627502724,0.568626253848024,2.8474173748931,0.00440755339782174,0.0301830458938022,0
"Car2",568.427137272095,1.61546295165041,0.396327651136615,4.07607934247705,4.58013964609987e-05,0.000852876599794941,0
"Cd300lf",134.230276476824,-1.6075528278729,0.513873120476855,-3.12830689875577,0.00175816495853434,0.0149988113786616,0
"Aqp5",2758.96694772184,-1.60712787641729,0.410391130961918,-3.91608822698077,8.99973244031075e-05,0.0014763971806106,0
"Adm",319.516724539191,1.607124596294,0.326510366833479,4.92212425559411,8.56098270012143e-07,3.36197921175998e-05,0
"Ccl4",1108.5357421549,-1.60552915076712,0.527185732240801,-3.04547155315229,0.00232315753880658,0.0185892269994773,0
"Lrg1",554.469776362731,1.60411144288113,0.479628422556293,3.34448787319909,0.000824346334342715,0.00819624124082336,0
"Art4",143.373469966628,1.60218319713432,0.42382618284276,3.78028366814878,0.000156649779443509,0.00227514385247551,0
"Cmtm3",449.689707802329,1.60182499164488,0.336242490822516,4.76389818468956,1.89888344582362e-06,6.39848178234179e-05,0
"Itgb7",2471.23000024698,-1.59202762438371,0.493565597095731,-3.22556441079285,0.00125724542311547,0.011403621550697,0
"Tmem204",127.53902484091,1.59112382247104,0.484938506228006,3.28108368800668,0.00103409056696951,0.00982160080921242,0
"Ccl3",2482.65466678535,-1.58784385629193,0.496145271527498,-3.20036075604103,0.00137255671993127,0.0122363823243587,0
"Wnt4",720.699925297443,-1.58460821349727,0.318265670829724,-4.97888512250213,6.39515850246008e-07,2.6521986249583e-05,0
"Ptprz1",125.476323837823,1.58074652587497,0.451652118631964,3.49992053765403,0.000465396868187383,0.00533456205192796,0
"Slpi",6548.38510990841,-1.57846016688109,0.455171285488092,-3.46783775076776,0.000524663960709506,0.0058601925486991,0
"Rarres1",622.115267435466,1.57822875403199,0.599084301475376,2.63440178643515,0.00842856840327598,0.0482873851595994,0
"Fbxo27",167.80748518055,1.57496806441764,0.414365818494878,3.80091212672531,0.000144164424663506,0.00213572986969888,0
"Myl9",1326.74363974292,1.57408227541061,0.39073139164723,4.0285533977054,5.61211147923134e-05,0.00100254987657577,0
"Spp1",1254.86223031936,1.5736380890413,0.50006011070273,3.1468978535998,0.00165012597515646,0.0142325896225305,0
"Phldb1",338.024627769956,1.56959154102197,0.361234782780785,4.3450731099017,1.39229284398924e-05,0.00032732851327165,0
"Prdm1",1304.27944633707,1.56916629908549,0.455374740014619,3.44587909956341,0.000569204956222954,0.00623243962580881,0
"Cd48",3183.8392202137,1.56857470303505,0.368976776172217,4.25114750935687,2.12678030244242e-05,0.000450307293253584,0
"Ptp4a3",460.977953420337,1.56813422440291,0.379983902147636,4.12684383612031,3.67775957158535e-05,0.000704436264535674,0
"Kdr",203.942895012998,1.56619376818043,0.553515257465549,2.82954037319903,0.00466149181876749,0.0314622724340144,0
"Il18",1205.23856293323,-1.56512603812402,0.26514015218949,-5.90301402937062,3.56919909163508e-09,5.28203895045238e-07,0
"Col9a2",354.258073960637,1.56127086142835,0.433973584837201,3.5976172651477,0.000321145719983759,0.00402405318828135,0
"Zbtb46",105.550404374754,1.55964616055027,0.391413436682137,3.98465155864551,6.7579214392506e-05,0.00116862998172724,0
"Alox15",109.505089190503,1.55851927719546,0.567144072754484,2.74801298658753,0.00599576342199775,0.0380561796613392,0
"Fzd7",109.331187319875,1.55848453621563,0.370044458939847,4.21161430353689,2.53552199125603e-05,0.000523521450068484,0
"Il21r",3001.36636100767,-1.55606050230582,0.52113451859588,-2.9859094855171,0.00282736316949461,0.0215096854977948,0
"Pde2a",547.344004618904,1.5553753482272,0.365725187286122,4.25285269458449,2.11064422676358e-05,0.000449098319873955,0
"Timp2",5214.72802836951,1.54957654639654,0.395833234866618,3.91472066997783,9.05089280831752e-05,0.00148305946377781,0
"Serpinb9",2201.95828858648,-1.54919725723935,0.244792325643388,-6.32861856746361,2.47365742906024e-10,6.95141582837855e-08,0
"Daglb",580.259111452055,1.54315527610976,0.362227606900271,4.26018129682374,2.0426115072174e-05,0.000443164740431627,0
"Ctse",1486.96257551545,-1.54144201147976,0.258721680521156,-5.95791589005898,2.5547493550423e-09,4.12841622787812e-07,0
"Cd93",209.766035850379,1.53513943392614,0.526227967670558,2.91725170123837,0.00353130681334538,0.0253087691846138,0
"Fcrlb",204.520310598311,-1.53504779288809,0.50814934607225,-3.02085952634451,0.00252058268404129,0.0196543937631372,0
"Tgfbr2",749.276881769156,1.53422344655146,0.319056286809003,4.8086294173852,1.51968630110542e-06,5.32399740013009e-05,0
"Gsta4",225.61881375931,-1.52921076581894,0.378830279375804,-4.03666456741159,5.42164991073687e-05,0.000982254846585691,0
"Folr2",349.454739804391,-1.52781570407836,0.514277779823908,-2.97079859176785,0.00297026506372051,0.0223668754851883,0
"Nrp2",209.718995235124,1.52576350789638,0.332733236776873,4.58554583448343,4.52801923759114e-06,0.000128493085594605,0
"Scara3",397.271842977292,1.51820779799972,0.526650880660721,2.88275944036212,0.00394208362250231,0.0275456032051491,0
"Msx2",235.891738945461,-1.51746299015102,0.470288049938671,-3.22666712528398,0.00125241068101286,0.0113784605263479,0
"Chst8",161.570457535523,-1.51593451996545,0.513302484241042,-2.95329667497495,0.00314399646839162,0.0233376168685944,0
"Afap1l2",130.506797161171,1.51409637651498,0.517066167465627,2.92824491677003,0.00340881412034319,0.0248175285630357,0
"Vldlr",154.314950833434,1.51369641588849,0.390762536653068,3.87369891917862,0.000107195833381113,0.00169523759449389,0
"Id3",2308.8781483205,1.51359424837969,0.330118843823201,4.584998029347,4.53990717788019e-06,0.000128493085594605,0
"Wnk4",239.916622758773,-1.51065766191293,0.335063287862639,-4.50857410117766,6.52647744643193e-06,0.000174440582546362,0
"Scpep1",3925.67409042965,1.51038719339641,0.258461736828027,5.84375548943004,5.10369243861298e-09,6.29410631530349e-07,0
"Cpq",594.249591534833,1.50790216446665,0.414840216973284,3.63489869778888,0.000278089886244391,0.00358684927588064,0
"Timp3",1855.08018498424,1.50762521425914,0.396186779034649,3.80533953690384,0.000141609796501004,0.00211123237434529,0
"Csf1",431.199386633198,1.50706433504749,0.389854254916406,3.86571216305088,0.000110765510920692,0.00173994672406035,0
"Pkd2",292.346086149162,1.50640431240312,0.391887495726293,3.84397136635163,0.000121059136991837,0.00187441674776237,0
"Fabp4",248.286913723072,1.50613898297909,0.496793611964389,3.03171970554053,0.00243164887148041,0.0192274714800329,0
"Tmem263",133.804928057919,1.50407718929596,0.249475358758075,6.02896092336925,1.65017177537135e-09,2.93667911265136e-07,0
"Cbfa2t3",169.073779381384,1.50335409353322,0.422558080229002,3.55774546476188,0.000374051505552154,0.0044942121037566,0
"Pam",947.592433384115,1.50065410772565,0.435627502245709,3.44481030235603,0.00057146029072627,0.00624254873917687,0
